-0.997497,-0.651784
0.3738 1.09901 6.26958 -9.8448 
-0.651784,-0.613392
1.09629 1.90408 -3.94086 29.6088 
-0.613392,-0.299417
1.16526 1.73241 -0.530614 -0.170809 
-0.299417,-0.0402539
1.6516 1.3487 -0.691503 0.243494 
-0.0402539,0.127171
1.95893 1.03933 -0.502189 0.123587 
0.127171,0.170019
2.11944 0.88157 -0.440115 0.21265 
0.170019,0.49321
2.15642 0.845025 -0.41278 0.233985 
0.49321,0.617481
2.39431 0.651532 -0.185914 0.294312 
0.617481,0.64568
2.47297 0.61896 -0.0761909 0.842996 
0.64568,0.791925
2.49038 0.616674 -0.00487572 0.0111131 
