-0.997497,-0.651784
0.3738 2.21784 0 -1.07076 
-0.651784,-0.613392
1.09629 1.83391 -1.11053 3.49291 
-0.613392,-0.299417
1.16526 1.76408 -0.708225 0.0735613 
-0.299417,-0.0402539
1.6516 1.34111 -0.638936 0.153589 
-0.0402539,0.127171
1.95893 1.04088 -0.519521 0.171931 
0.127171,0.170019
2.11944 0.881378 -0.433165 0.154775 
0.170019,0.49321
2.15642 0.84511 -0.41327 0.234684 
0.49321,0.617481
2.39431 0.65152 -0.185727 0.293602 
0.617481,0.64568
2.47297 0.618961 -0.0762679 0.843979 
0.64568,0.791925
2.49038 0.616673 -0.0048695 0.011099 
