Knots: -0.489319 -0.475585 -0.392026 -0.357418 -0.066698 -0.033433 -0.010727 0.286096 0.322230 0.336940 0.375942 0.464934 0.481658 0.590670 0.793252 0.917585 1.328059 1.334529 1.478149 
Piecewise Polynomials:
Interval: [-0.066698, -0.033433]
Polynomial Coefficients: 0.000009, -0.006087, 0.355137, 0.344236, 0.000169
Interval: [-0.033433, -0.010727]
Polynomial Coefficients: 0.000020, -0.191058, 0.357383, 0.012425, 0.000010
Interval: [-0.010727, 0.286096]
Polynomial Coefficients: 0.004528, -0.124655, 0.270944, 0.193858, 0.020558
Interval: [0.286096, 0.322230]
Polynomial Coefficients: 0.000013, -0.004667, 0.159053, 0.596163, 0.002032
Interval: [0.322230, 0.336940]
Polynomial Coefficients: 0.000006, -0.028812, 0.515560, 0.097669, 0.000092
Interval: [0.336940, 0.375942]
Polynomial Coefficients: 0.000399, -0.212654, 0.296448, 0.050184, 0.000444
Interval: [0.375942, 0.464934]
Polynomial Coefficients: 0.002710, -0.085185, 0.369075, 0.171137, 0.002618
Interval: [0.464934, 0.481658]
Polynomial Coefficients: 0.000024, -0.115846, 0.403887, 0.086440, 0.000009
Interval: [0.481658, 0.590670]
Polynomial Coefficients: 0.002375, -0.218353, 0.292370, 0.037373, 0.000396
Interval: [0.590670, 0.793252]
Polynomial Coefficients: 0.002446, -0.123249, 0.367196, 0.108316, 0.001631
